Multiple size <= 100
TEST 1 ARG:17 2 93 30 66 11 5 16 89 51 29 80 23 9 32 95 19 58 61 83 76 63 68 92 85 18 72 52 69 15 33 22 24 39 13 35 59 8 14 82 64 3 91 50 43 53 73 20 46 6 1 25 40 47 44 36 94 4 75 48 10 60 0 74 65 97 78 81 45 54 27 88 34 90 37 21 87 96 55 71 84 28 67 41 49 57 12 56 42 31 79 70 86 98 26 38 77 62 7 99
TEST 1 ARG:17 2 93 30 66 11 5 16 89 51 29 80 23 9 32 95 19 58 61 83 76 63 68 92 85 18 72 52 69 15 33 22 24 39 13 35 59 8 14 82 64 3 91 50 43 53 73 20 46 6 1 25 40 47 44 36 94 4 75 48 10 60 0 74 65 97 78 81 45 54 27 88 34 90 37 21 87 96 55 71 84 28 67 41 49 57 12 56 42 31 79 70 86 98 26 38 77 62 7 99
TEST 2 ARG:69 83 78 79 73 90 80 1 2 85 40 8 77 66 70 96 12 34 39 64 37 61 81 13 32 29 28 92 62 51 17 42 72 98 55 24 47 26 25 23 82 67 91 10 97 95 86 19 38 65 75 74 93 41 27 31 54 60 36 84 71 46 3 21 45 16 33 30 0 50 58 18 6 49 14 59 52 9 94 57 63 7 35 5 43 48 20 44 87 68 53 15 11 22 99 89 76 56 4 88
TEST 3 ARG:82 99 96 18 9 23 41 45 37 35 36 75 3 32 79 39 25 76 92 46 94 49 72 67 97 24 63 22 6 11 7 74 33 48 80 13 65 78 51 85 42 0 15 47 68 64 84 95 40 2 56 29 34 4 27 57 87 31 77 89 71 10 58 70 21 66 50 59 20 93 1 55 17 91 86 69 83 5 14 52 61 12 38 19 98 81 54 73 8 90 60 16 88 44 53 43 62 30 26 28
TEST 4 ARG:27 77 10 45 21 47 79 44 29 46 78 3 99 81 15 59 37 22 35 32 38 84 39 18 61 50 85 5 31 64 55 71 69 33 58 67 87 98 20 74 65 60 93 23 66 34 62 49 52 36 54 72 25 86 80 97 40 96 9 19 76 7 90 1 24 11 95 2 88 57 73 53 0 26 94 92 30 63 70 12 68 41 17 82 91 83 8 51 43 56 14 4 89 28 6 42 48 16 13 75
TEST 5 ARG:74 36 98 7 39 32 60 80 17 34 64 26 62 87 65 10 12 38 41 45 1 35 9 49 13 72 93 33 29 56 61 16 96 92 63 2 14 23 71 20 68 79 4 89 22 51 85 67 59 8 28 43 11 94 73 19 21 55 88 46 50 57 27 18 54 81 75 84 69 25 44 48 53 70 52 3 0 37 97 76 31 42 30 5 77 15 90 6 47 91 82 86 95 78 24 66 40 99 58 83
TEST 6 ARG:15 90 68 98 95 5 51 79 89 20 29 70 27 24 25 14 13 83 81 73 69 42 32 92 26 30 38 16 88 76 28 62 52 36 23 17 87 8 77 46 22 40 61 50 41 2 47 65 4 33 53 58 59 80 18 49 3 21 1 54 56 96 66 39 45 34 99 48 72 12 75 19 86 44 37 91 31 84 64 0 94 55 78 10 74 82 9 7 71 57 67 6 11 60 85 93 35 63 43 97
TEST 7 ARG:46 70 20 84 32 63 10 65 91 5 73 24 92 66 90 34 68 69 47 58 18 25 79 26 57 0 59 98 62 82 21 22 93 97 60 31 12 43 48 64 72 83 99 17 89 75 41 51 23 94 67 77 33 29 40 71 96 13 30 95 45 11 7 53 61 55 86 36 80 85 6 78 52 49 1 39 50 38 8 15 16 56 76 4 74 14 81 54 88 27 28 37 35 44 9 2 19 42 3 87
TEST 8 ARG:99 59 80 8 37 62 74 43 31 52 13 66 46 75 55 88 4 1 16 33 96 84 30 91 71 19 68 82 83 95 28 38 63 51 90 32 35 27 98 50 14 2 79 77 49 94 15 6 56 67 12 11 7 65 29 92 73 85 23 18 69 22 10 41 20 60 9 45 47 53 34 78 57 64 58 44 70 36 39 54 21 76 61 42 3 87 48 17 89 5 0 86 81 97 24 93 26 25 72 40
TEST 10 ARG:70 11 40 99 28 12 62 95 17 10 80 37 87 6 46 24 8 43 4 25 98 84 31 71 59 27 50 3 34 61 89 83 29 20 39 13 90 0 32 88 44 5 7 26 94 69 36 82 66 35 49 52 77 58 47 14 85 86 18 96 97 21 42 57 53 65 51 19 2 9 45 38 75 92 91 73 93 78 33 72 79 60 68 41 15 23 22 48 74 56 30 54 76 64 63 81 1 67 55 16
TEST 12 ARG:63 28 34 21 52 32 35 19 6 88 61 93 70 90 77 68 66 73 30 54 83 56 99 60 10 95 26 75 45 42 86 13 76 23 89 92 15 11 67 87 16 25 62 53 50 41 46 20 64 47 59 43 36 17 98 0 78 85 7 8 37 69 55 14 84 39 9 44 97 57 74 49 94 1 51 38 79 71 27 58 81 3 33 91 48 80 2 18 96 31 29 40 5 4 82 22 24 65 72 12
